1	0 0.742857	
51	0 0.910249	
101	0 0.900815	
151	0 0.907971	
201	0 0.898454	
251	0 0.897052	
301	0 0.896006	
351	0 0.89731	
401	0 0.898084	
451	0 0.898654	
501	0 0.899467	
551	0 0.900856	
601	0 0.902603	
651	0 0.9053	
701	0 0.905325	
751	0 0.90553	
801	0 0.908327	
851	0 0.908152	
901	0 0.907009	
951	0 0.906265	
1001	0 0.905785	
1051	0 0.905004	
1101	0 0.904008	
1151	0 0.904846	
1201	0 0.905564	
1251	0 0.905003	
1301	0 0.903893	
1351	0 0.903832	
1401	0 0.904844	
1451	0 0.904216	
1501	0 0.903723	
1551	0 0.901451	
1601	0 0.90094	
1651	0 0.898786	
1701	0 0.898573	
1751	0 0.898255	
1801	0 0.897105	
1851	0 0.896484	
1901	0 0.897039	
1951	0 0.897485	
2001	0 0.897759	
2051	0 0.897297	
2101	0 0.897386	
2151	0 0.896941	
2201	0 0.895983	
2251	0 0.896609	
2301	0 0.896972	
2351	0 0.897191	
2401	0 0.897682	
0 0.897562	
