!?
-;
1	0 0.923077	
51	0 0.882227	
101	0 0.885383	
151	0 0.889753	
201	0 0.88299	
251	0 0.883448	
301	0 0.88047	
351	0 0.881435	
401	0 0.880422	
451	0 0.883147	
501	0 0.88285	
551	0 0.882678	
601	0 0.883775	
651	0 0.884587	
701	0 0.885366	
751	0 0.886156	
801	0 0.884028	
851	0 0.883361	
901	0 0.886445	
951	0 0.886718	
1001	0 0.887952	
1051	0 0.889047	
1101	0 0.888438	
1151	0 0.887487	
1201	0 0.889155	
1251	0 0.889857	
1301	0 0.889464	
0 0.890153	


/*with paren position not counted */
1       0 0.923077
51      0 0.882227
101     0 0.885383
151     0 0.889753
201     0 0.88299
251     0 0.883448
301     0 0.88047
351     0 0.881435
401     0 0.880422
451     0 0.883147
501     0 0.88285
551     0 0.882678
601     0 0.883775
651     0 0.885106
701     0 0.885838
751     0 0.886595
801     0 0.884439
851     0 0.883746
901     0 0.88681
951     0 0.887065
1001    0 0.888276
1051    0 0.889353
1101    0 0.888731
1151    0 0.887765
1201    0 0.889422
1251    0 0.890112
1301    0 0.889708
0 0.890388
